# Created by Octave 8.2.0, Fri May 05 13:11:19 2023 PDT <cxiii@plexiii>
# name: CMAP
# type: matrix
# rows: 256
# columns: 3
 0 0 1
 0.088388347648318447 0.088388347648318447 1
 0.125 0.125 1
 0.15309310892394862 0.15309310892394862 1
 0.17677669529663689 0.17677669529663689 1
 0.19764235376052372 0.19764235376052372 1
 0.21650635094610965 0.21650635094610965 1
 0.23385358667337133 0.23385358667337133 1
 0.25 0.25 1
 0.2651650429449553 0.2651650429449553 1
 0.27950849718747373 0.27950849718747373 1
 0.29315098498896436 0.29315098498896436 1
 0.30618621784789724 0.30618621784789724 1
 0.31868871959954903 0.31868871959954903 1
 0.33071891388307384 0.33071891388307384 1
 0.34232659844072882 0.34232659844072882 1
 0.35355339059327379 0.35355339059327379 1
 0.3644344934278313 0.3644344934278313 1
 0.375 0.375 1
 0.385275875185561 0.385275875185561 1
 0.39528470752104744 0.39528470752104744 1
 0.40504629365049127 0.40504629365049127 1
 0.41457809879442498 0.41457809879442498 1
 0.42389562394532926 0.42389562394532926 1
 0.4330127018922193 0.4330127018922193 1
 0.44194173824159222 0.44194173824159222 1
 0.45069390943299864 0.45069390943299864 1
 0.45927932677184591 0.45927932677184591 1
 0.46770717334674267 0.46770717334674267 1
 0.47598581911649429 0.47598581911649429 1
 0.48412291827592713 0.48412291827592713 1
 0.4921254921257382 0.4921254921257382 1
 0.5 0.5 1
 0.50775240028974755 0.50775240028974755 1
 0.51538820320220757 0.51538820320220757 1
 0.52291251658379723 0.52291251658379723 1
 0.5303300858899106 0.5303300858899106 1
 0.53764532919016417 0.53764532919016417 1
 0.54486236794258425 0.54486236794258425 1
 0.55198505414549048 0.55198505414549048 1
 0.55901699437494745 0.55901699437494745 1
 0.56596157113358858 0.56596157113358858 1
 0.57282196186947998 0.57282196186947998 1
 0.5796011559684815 0.5796011559684815 1
 0.58630196997792872 0.58630196997792872 1
 0.59292706128157113 0.59292706128157113 1
 0.59947894041408989 0.59947894041408989 1
 0.60595998217704117 0.60595998217704117 1
 0.61237243569579447 0.61237243569579447 1
 0.61871843353822908 0.61871843353822908 1
 0.625 0.625 1
 0.63121905864762984 0.63121905864762984 1
 0.63737743919909806 0.63737743919909806 1
 0.64347688381168755 0.64347688381168755 1
 0.649519052838329 0.649519052838329 1
 0.65550553010634471 0.65550553010634471 1
 0.66143782776614768 0.66143782776614768 1
 0.66731739075195695 0.66731739075195695 1
 0.67314560089181297 0.67314560089181297 1
 0.67892378070001347 0.67892378070001347 1
 0.68465319688145765 0.68465319688145765 1
 0.69033506357420382 0.69033506357420382 1
 0.69597054535375269 0.69597054535375269 1
 0.70156076002011403 0.70156076002011403 1
 0.70710678118654757 0.70710678118654757 1
 0.7126096406869612 0.7126096406869612 1
 0.71807033081725358 0.71807033081725358 1
 0.72348980642438909 0.72348980642438909 1
 0.72886898685566259 0.72886898685566259 1
 0.73420875777942063 0.73420875777942063 1
 0.73950997288745202 0.73950997288745202 1
 0.74477345548831153 0.74477345548831153 1
 0.75 0.75 1
 0.75519037334966077 0.75519037334966077 1
 0.76034531628727742 0.76034531628727742 1
 0.76546554461974314 0.76546554461974314 1
 0.770551750371122 0.770551750371122 1
 0.77560460287442856 0.77560460287442856 1
 0.78062474979979979 0.78062474979979979 1
 0.78561281812353345 0.78561281812353345 1
 0.79056941504209488 0.79056941504209488 1
 0.79549512883486595 0.79549512883486595 1
 0.80039052967910607 0.80039052967910607 1
 0.80525617042032038 0.80525617042032038 1
 0.81009258730098255 0.81009258730098255 1
 0.81490030065033114 0.81490030065033114 1
 0.81967981553775004 0.81967981553775004 1
 0.82443162239205747 0.82443162239205747 1
 0.82915619758884995 0.82915619758884995 1
 0.83385400400789589 0.83385400400789589 1
 0.83852549156242118 0.83852549156242118 1
 0.8431710977020026 0.8431710977020026 1
 0.84779124789065852 0.84779124789065852 1
 0.85238635606161595 0.85238635606161595 1
 0.85695682505013049 0.85695682505013049 1
 0.86150304700563884 0.86150304700563884 1
 0.8660254037844386 0.8660254037844386 1
 0.87052426732400745 0.87052426732400745 1
 0.875 0.875 1
 0.87945295496689302 0.87945295496689302 1
 0.88388347648318444 0.88388347648318444 1
 0.88829190022199345 0.88829190022199345 1
 0.8926785535678563 0.8926785535678563 1
 0.89704375590045771 0.89704375590045771 1
 0.90138781886599728 0.90138781886599728 1
 0.90571104663683988 0.90571104663683988 1
 0.91001373616006476 0.91001373616006476 1
 0.91429617739548708 0.91429617739548708 1
 0.91855865354369182 0.91855865354369182 1
 0.92280144126458752 0.92280144126458752 1
 0.92702481088695787 0.92702481088695787 1
 0.93122902660945872 0.93122902660945872 1
 0.93541434669348533 0.93541434669348533 1
 0.93958102364830676 0.93958102364830676 1
 0.94372930440884373 0.94372930440884373 1
 0.94785943050644383 0.94785943050644383 1
 0.95197163823298858 0.95197163823298858 1
 0.9560661587986472 0.9560661587986472 1
 0.96014321848357598 0.96014321848357598 1
 0.9642030387838445 0.9642030387838445 1
 0.96824583655185426 0.96824583655185426 1
 0.97227182413150282 0.97227182413150282 1
 0.97628120948833175 0.97628120948833175 1
 0.98027419633488266 0.98027419633488266 1
 0.98425098425147639 0.98425098425147639 1
 0.98821176880261852 0.98821176880261852 1
 0.99215674164922152 0.99215674164922152 1
 0.99608609065682674 0.99608609065682674 1
 1 1 1
 1 0.99993896484375 0.99993896484375
 1 0.999755859375 0.999755859375
 1 0.99945068359375 0.99945068359375
 1 0.9990234375 0.9990234375
 1 0.99847412109375 0.99847412109375
 1 0.997802734375 0.997802734375
 1 0.99700927734375 0.99700927734375
 1 0.99609375 0.99609375
 1 0.99505615234375 0.99505615234375
 1 0.993896484375 0.993896484375
 1 0.99261474609375 0.99261474609375
 1 0.9912109375 0.9912109375
 1 0.98968505859375 0.98968505859375
 1 0.988037109375 0.988037109375
 1 0.98626708984375 0.98626708984375
 1 0.984375 0.984375
 1 0.98236083984375 0.98236083984375
 1 0.980224609375 0.980224609375
 1 0.97796630859375 0.97796630859375
 1 0.9755859375 0.9755859375
 1 0.97308349609375 0.97308349609375
 1 0.970458984375 0.970458984375
 1 0.96771240234375 0.96771240234375
 1 0.96484375 0.96484375
 1 0.96185302734375 0.96185302734375
 1 0.958740234375 0.958740234375
 1 0.95550537109375 0.95550537109375
 1 0.9521484375 0.9521484375
 1 0.94866943359375 0.94866943359375
 1 0.945068359375 0.945068359375
 1 0.94134521484375 0.94134521484375
 1 0.9375 0.9375
 1 0.93353271484375 0.93353271484375
 1 0.929443359375 0.929443359375
 1 0.92523193359375 0.92523193359375
 1 0.9208984375 0.9208984375
 1 0.91644287109375 0.91644287109375
 1 0.911865234375 0.911865234375
 1 0.90716552734375 0.90716552734375
 1 0.90234375 0.90234375
 1 0.89739990234375 0.89739990234375
 1 0.892333984375 0.892333984375
 1 0.88714599609375 0.88714599609375
 1 0.8818359375 0.8818359375
 1 0.87640380859375 0.87640380859375
 1 0.870849609375 0.870849609375
 1 0.86517333984375 0.86517333984375
 1 0.859375 0.859375
 1 0.85345458984375 0.85345458984375
 1 0.847412109375 0.847412109375
 1 0.84124755859375 0.84124755859375
 1 0.8349609375 0.8349609375
 1 0.82855224609375 0.82855224609375
 1 0.822021484375 0.822021484375
 1 0.81536865234375 0.81536865234375
 1 0.80859375 0.80859375
 1 0.80169677734375 0.80169677734375
 1 0.794677734375 0.794677734375
 1 0.78753662109375 0.78753662109375
 1 0.7802734375 0.7802734375
 1 0.77288818359375 0.77288818359375
 1 0.765380859375 0.765380859375
 1 0.75775146484375 0.75775146484375
 1 0.75 0.75
 1 0.74212646484375 0.74212646484375
 1 0.734130859375 0.734130859375
 1 0.72601318359375 0.72601318359375
 1 0.7177734375 0.7177734375
 1 0.70941162109375 0.70941162109375
 1 0.700927734375 0.700927734375
 1 0.69232177734375 0.69232177734375
 1 0.68359375 0.68359375
 1 0.67474365234375 0.67474365234375
 1 0.665771484375 0.665771484375
 1 0.65667724609375 0.65667724609375
 1 0.6474609375 0.6474609375
 1 0.63812255859375 0.63812255859375
 1 0.628662109375 0.628662109375
 1 0.61907958984375 0.61907958984375
